rs transform:      0.999843 -9.44025e-05    0.0177255            0
-9.44025e-05     0.999943    0.0106504            0
  -0.0177255   -0.0106504     0.999786            0
           0            0            0            1

velo transform:    
0.999732 0.00794733 -0.0217259          0
0.00794733   0.763996   0.645172          0
 0.0217259  -0.645172   0.763729  -0.158917
         0          0          0          1

[[ 0.99906056  0.0391486  -0.01855819 -0.2308354 ]
 [-0.01834761  0.77035743  0.63734865  0.57236422]
 [ 0.03924774 -0.63640965  0.77035292 -0.15694635]
 [ 0.          0.          0.          1.        ]]


