rs transform:      0.999843 -9.44025e-05    0.0177255            0
-9.44025e-05     0.999943    0.0106504            0
  -0.0177255   -0.0106504     0.999786            0
           0            0            0            1


velo transform:    0.999806 0.00851561  0.0177408          0
0.00851561   0.625522   -0.78016          0
-0.0177408    0.78016   0.625328  -0.165291
         0          0          0          1

[[ 9.99965884e-01 -5.11903045e-03  6.41002022e-03 -2.12338835e-01]
 [ 8.20290843e-03  6.17173329e-01 -7.86784760e-01 -6.06582964e-01]
 [ 7.14748321e-05  7.86810783e-01  6.17194128e-01 -1.75552731e-01]
 [ 0.00000000e+00  0.00000000e+00  0.00000000e+00  1.00000000e+00]]

